3.426293250000000401e-01
3.469681063381542252e-01
3.777584413880928360e-01
4.082951341227580300e-01
4.415037686677643070e-01
4.718701553160227213e-01
4.895532975728599800e-01
4.750111555168523014e-01
4.082648899074438620e-01
3.412088677437093431e-01
2.809082011543367341e-01
2.225580289301767045e-01
1.707737194093421895e-01
1.350573231967758248e-01
1.075397562653185868e-01
8.691448363618327344e-02
7.115102252636086588e-02
5.813473944161642870e-02
4.694839599463002805e-02
3.775371769557766405e-02
3.075220867401624522e-02
2.549590955943721593e-02
2.124897895925921543e-02
1.753271626958319632e-02
1.429759129949669492e-02
1.170185293189851365e-02
9.742398079435788880e-03
8.205383695140578901e-03
6.874211828825322473e-03
5.670480533209389280e-03
4.647227412661239683e-03
3.857043845612276919e-03
3.255646991210176065e-03
2.754248664455678352e-03
2.296799759382858654e-03
1.886839945819450068e-03
1.556313252189364801e-03
1.308241071399106814e-03
1.111946314811686426e-03
9.369528494838167418e-04
7.743152357470844266e-04
6.353225673205441801e-04
5.395376236004154275e-04
4.582340854935853733e-04
4.085397818498054650e-04
3.080012596058541094e-03
2.403255308304619656e-02
5.897976840404529214e-02
1.003079248794256362e-01
1.330104330373505783e-01
1.493145327495221941e-01
1.296713536491744811e-01
9.980635188827204074e-02
7.464615035593093195e-02
5.471592451367496279e-02
4.027409143378154338e-02
3.060233714129752605e-02
2.390266328370582380e-02
1.867821378291735848e-02
1.893535069716955829e-02
3.639560437167975449e-02
6.110184373632723126e-02
8.346206358477602227e-02
1.008815554463662473e-01
1.120015950043490305e-01
1.131211595949370013e-01
1.027747537765292957e-01
8.581070569238409551e-02
6.726668053534366754e-02
5.111270691834721852e-02
3.786439222528475285e-02
3.339924492424869301e-02
3.872769073589684558e-02
5.009553075977294517e-02
6.623951091715701844e-02
8.284587435859695759e-02
9.298138854346001125e-02
9.808588130425582863e-02
9.714138962408430666e-02
8.908346632651469033e-02
7.840786604823511696e-02
6.661733604193799396e-02
5.542603940721405054e-02
4.883797929556673439e-02
4.882594791628652731e-02
5.356508013125386297e-02
6.248798278978362486e-02
7.335005651842520236e-02
8.227364897300155910e-02
8.742407381496546115e-02
8.900639994149465994e-02
8.686317163718874912e-02
8.064968196629178354e-02
7.220742662380430499e-02
6.477821341678180467e-02
5.972352329376336838e-02
5.727468083345324534e-02
5.827296513063031508e-02
6.301078525249237394e-02
6.855081531028187070e-02
7.427374288529060842e-02
7.954029393022934991e-02
8.257698001872022797e-02
8.255114646518803279e-02
8.033409924189213736e-02
7.596967963117877420e-02
7.042127895016724037e-02
6.626971479767623796e-02
6.350312521989910641e-02
6.265156670815065498e-02
6.432962799376441831e-02
6.733321148660258160e-02
7.102120471484656139e-02
7.491515289504169228e-02
7.785934517249361309e-02
7.886910236613743630e-02
7.834898277147868406e-02
7.626165832305767389e-02
7.298987482952774830e-02
6.973970583657146394e-02
6.741826324081105770e-02
6.618858570740036862e-02
6.618912380751904023e-02
6.765036096584507719e-02
7.013358261573601760e-02
7.262269673149505944e-02
7.459238537066607833e-02
7.592578726708949788e-02
7.631383598217827968e-02
7.543949832451976589e-02
7.393919397045962960e-02
7.209492156912380989e-02
7.010789769032423069e-02
6.860821288853277689e-02
6.814670643498313418e-02
6.846611317267468910e-02
6.958660284495100934e-02
7.129217048149157077e-02
7.276127538670688899e-02
7.393548942198101270e-02
7.462982326473081851e-02
7.454422404841094807e-02
7.385796770093655539e-02
7.278835298867460113e-02
7.146482511260709991e-02
7.025931341592817070e-02
6.959342184569876355e-02
6.951896531624686404e-02
6.990745894134713090e-02
7.071098156781079058e-02
7.181117358812590112e-02
7.283042497091157808e-02
7.344829177273952403e-02
7.365155792502742216e-02
7.347804278885622375e-02
7.324489806138240189e-02
