0.000000000000000000e+00
1.307556360729414391e-01
1.438311996802355663e+00
2.938571433067139971e+00
4.761014980627455095e+00
6.844324515939306686e+00
9.200897865708547840e+00
1.158385876826338823e+01
1.317074553294032313e+01
1.475763229761725803e+01
1.657988148878560608e+01
1.849145114414305624e+01
2.002027881161582457e+01
2.063621266906326568e+01
2.092497455329169398e+01
2.121373643752012228e+01
2.158809562679741134e+01
2.203653071494533577e+01
2.249810359585813302e+01
2.304625213251553006e+01
2.367311605756935933e+01
2.438475734497836456e+01
2.517555647322993551e+01
2.605209426383588678e+01
2.700673722651918851e+01
2.793376317629170913e+01
2.895192753042356060e+01
2.978988755699611346e+01
3.062784758356866632e+01
3.161344299250213297e+01
3.273761725310856718e+01
3.401593181178531466e+01
3.546918391016111372e+01
3.712077628018792552e+01
3.899441014226135849e+01
4.112027575285878811e+01
4.352046257478776425e+01
4.518367810368960846e+01
4.684689363259145267e+01
4.865183564119898563e+01
5.045222199266040519e+01
5.211313619077517956e+01
5.368258365031648083e+01
5.394193005940191910e+01
5.420127646848735736e+01
5.457144722442813389e+01
5.497691659518537222e+01
5.541140710402993363e+01
5.591190862402229556e+01
5.648925635021131342e+01
5.714794400655597428e+01
5.788715216862756563e+01
5.870195998006125393e+01
5.959852040324341971e+01
6.052730076117387625e+01
6.138480912101896081e+01
6.231420783769028304e+01
6.311033551616812076e+01
6.390646319464595848e+01
6.484649865426544579e+01
6.591663065138862976e+01
6.714174298855382972e+01
6.853277653389142188e+01
7.012105361756600530e+01
7.192125550275981993e+01
7.397207954578459521e+01
7.628948087598783445e+01
7.815003563948557996e+01
8.001059040298332548e+01
8.155148040464248993e+01
8.309237040630165438e+01
8.484117020361031791e+01
8.675980266965616750e+01
8.695709933967455640e+01
8.715439600969294531e+01
8.742416635464276453e+01
8.781139492233853616e+01
8.828381763233423385e+01
8.874983147551991181e+01
8.930404043681521387e+01
8.993392965291666030e+01
9.064473017137432009e+01
9.142813301306344442e+01
9.228591755644880834e+01
9.319919391812594256e+01
9.405244347995130738e+01
9.483828119193415773e+01
9.581164277212786828e+01
9.661435171861992899e+01
9.741706066511198969e+01
9.836880972666483558e+01
9.945511392369661507e+01
1.006989169934936399e+02
1.021158414659746967e+02
1.037340887436045449e+02
1.055726327680831957e+02
1.076671040627287539e+02
1.100344653014845733e+02
1.117018657173906746e+02
1.133692661332967759e+02
1.151653230228228750e+02
1.169513055696197625e+02
1.186085534163155017e+02
1.191137769475011936e+02
1.196190004786868855e+02
1.199053266148839754e+02
1.201916527510810653e+02
1.205841538131552255e+02
1.210705189206589125e+02
1.215378148994883674e+02
1.220945185205756474e+02
1.227253469782567237e+02
1.234354297731141514e+02
1.242154515327854511e+02
1.250655951993098682e+02
1.259641800233344924e+02
1.267088534264764377e+02
1.274535268296183830e+02
1.283711944453931721e+02
1.289928695724865690e+02
1.296145446995799659e+02
1.304522392575667880e+02
1.313716772262805819e+02
1.324375299243220070e+02
1.336580474727327328e+02
1.350508595342489002e+02
1.366455042701960565e+02
1.384585417601060726e+02
1.405290280544344910e+02
1.428703519286072776e+02
1.445726593041633521e+02
1.462749666797194266e+02
1.480557614443614511e+02
1.497892940663100774e+02
1.514199389990833140e+02
1.520619604735141479e+02
1.523564415847575901e+02
1.526509226960010324e+02
1.530494077104081612e+02
1.535322705070004190e+02
1.540083746076709588e+02
1.545715421888554602e+02
1.552087231351719083e+02
1.559230153212493803e+02
1.567046509999637749e+02
1.575529722361487472e+02
1.584396585730484048e+02
1.591550896806916171e+02
1.598705207883348294e+02
1.607414039072495768e+02
1.617914715591289223e+02
1.625739195711379068e+02
1.633563675831468913e+02
1.642922563783804719e+02
1.653617104216375537e+02
1.665927594166812753e+02
1.680002731963209897e+02
1.696134090358042670e+02
1.714510426588968528e+02
1.735503158538115827e+02
1.759234412841673532e+02
1.774951723050974977e+02
1.790669033260276422e+02
1.808834190458657361e+02
1.827971995067553621e+02
1.835661534740151524e+02
1.843351074412749426e+02
1.848064898504987639e+02
1.852778722597225851e+02
1.857695667013013860e+02
1.862600151258313872e+02
1.868369443160478625e+02
1.874874414816469823e+02
1.882121101552008611e+02
1.890014023748730096e+02
1.898540383330866632e+02
1.906304016465166455e+02
1.914067649599466279e+02
1.922019770170055892e+02
1.930391819373581654e+02
1.939905413786489703e+02
1.947668119387943761e+02
1.955430824989397820e+02
1.964060393790975638e+02
1.973996725168690318e+02
1.985492438119396752e+02
1.998647788261558844e+02
2.013785675738904786e+02
2.031057532309626197e+02
2.050853089268038048e+02
2.073310796276255701e+02
2.092245093998049299e+02
2.111179391719842897e+02
2.126048061824231752e+02
2.140916731928620607e+02
2.158487016803033214e+02
2.161536922739269642e+02
2.164586828675506069e+02
2.168314808611495721e+02
2.172790518335841909e+02
2.177416642314270803e+02
2.182673603759917285e+02
2.188680447110168927e+02
2.195446380322900097e+02
2.202898041964276388e+02
2.210970091025603210e+02
2.219611489954042156e+02
2.226894035133116745e+02
2.234176580312191334e+02
2.242177301767327151e+02
2.250973859245288793e+02
2.260389591827736240e+02
2.272350758264979618e+02
2.280986109121154186e+02
2.289621459977328755e+02
2.300122500268973056e+02
2.312145825326560669e+02
2.325976961941552474e+02
2.341892613652204034e+02
2.360065302422850948e+02
2.380900300822869440e+02
2.400000000000000000e+02
