4.345191764532966849e-01
4.362849294180949911e-01
4.536199343371546955e-01
4.859363351478862558e-01
5.248628340571453998e-01
5.731796402563865689e-01
6.292529625732200538e-01
6.900519059179303083e-01
7.517165778140156851e-01
8.101067391456231448e-01
8.629379906539845768e-01
9.089098454606334698e-01
9.468097269899145019e-01
9.683810411141067220e-01
9.831449445543331001e-01
9.923183858225392839e-01
9.950932021165810326e-01
9.911579348047676596e-01
9.797932224973652238e-01
9.543643068637748250e-01
8.790377514964341499e-01
7.899394054470842974e-01
7.172344327446635859e-01
6.398568894124535555e-01
5.665409803437920777e-01
4.964157942387937283e-01
4.287619232133574321e-01
3.644132302723253058e-01
3.047414364475746762e-01
2.501904479809684001e-01
2.015088661552624227e-01
1.587109272035488183e-01
1.221011514121149166e-01
9.645406256669707135e-02
7.923787156008545163e-02
6.523679186266460872e-02
5.333924719434993134e-02
4.352354871873729408e-02
3.575429312580521990e-02
2.966655377338895880e-02
2.475601542984349687e-02
2.064686675503816030e-02
1.716820413377821014e-02
1.427392193513951114e-02
1.191394392019357561e-02
9.981240104179682840e-03
8.356633440857724054e-03
6.966923421586477400e-03
5.792562118940903365e-03
4.827718263229764314e-03
4.043399960828177910e-03
3.392343393689268172e-03
3.177321504350860432e-03
3.072995926637388589e-03
5.579405422083735105e-03
2.130775610891355587e-02
6.098655461385244642e-02
1.290123352488851960e-01
1.988841688427974708e-01
2.849044485338871890e-01
3.778198483570390231e-01
4.716659990133227898e-01
5.585287671559436840e-01
6.299263109978278097e-01
6.711826194916019617e-01
6.529715026422394653e-01
5.868919155645145880e-01
5.298883217123940836e-01
4.571818977199118561e-01
3.912909532722606554e-01
3.284328908681355408e-01
2.705459341810545482e-01
2.187250565778485756e-01
1.729969093439034100e-01
1.339087855563602103e-01
1.011399745205492362e-01
7.448626291724952386e-02
5.343680818511611225e-02
4.444182186627503722e-02
3.707333780606937579e-02
2.943646586154076428e-02
2.350719088199915499e-02
1.883352372939017111e-02
1.537062695722490706e-02
1.427128467084285042e-02
1.399107094849043505e-02
1.713944694061151144e-02
3.117655350386283261e-02
7.220411550286960634e-02
1.425415048878153346e-01
2.153541385317588042e-01
3.033248867347516087e-01
3.966418222963957185e-01
4.888947103701237751e-01
5.718215301252675964e-01
6.368111101994949896e-01
6.643964379820938015e-01
5.998608847238570130e-01
5.209836277222806844e-01
4.536288678881661429e-01
3.868748331180626443e-01
3.242441834844022042e-01
2.664806784915513815e-01
2.148468111465350050e-01
1.693830838629510060e-01
1.306221344569120368e-01
9.822804013733303641e-02
7.199620718068332204e-02
5.424100474005533190e-02
4.394076373636082028e-02
3.573621695793558622e-02
2.871673215268347179e-02
2.306135161013095347e-02
1.878915209387948052e-02
1.740710186129379097e-02
1.684402381558811751e-02
2.043380959214234974e-02
4.246951080301145098e-02
8.820061555903262185e-02
1.576361369826378978e-01
2.343802563194880006e-01
3.241073200644085106e-01
4.179638916055162245e-01
5.091718110239412676e-01
5.896800052012421967e-01
6.513714706785685982e-01
6.750639920391726667e-01
6.089422078368148528e-01
5.295817336150917543e-01
4.617323951818157468e-01
3.942553529842120486e-01
3.308350520035792663e-01
2.722026437848842906e-01
2.196712794947282277e-01
1.733321853823010239e-01
1.337556007490047216e-01
1.006247898035762672e-01
7.377000899979412052e-02
5.611927987825141018e-02
4.537151782620502116e-02
3.682674749079407200e-02
2.967394348818092054e-02
2.394522624670236688e-02
1.953560164619355319e-02
1.816410555127135479e-02
2.264697631908769646e-02
3.665100336992083846e-02
7.974718585602143250e-02
1.523393948552188570e-01
2.271080285007155697e-01
3.164448985749316878e-01
4.103243486263362105e-01
5.024411796662314744e-01
5.849426737080895000e-01
6.507035722370424491e-01
6.863684264571268123e-01
6.536184020786708349e-01
5.716946191199776539e-01
5.008989143397533095e-01
4.315651511022735032e-01
3.657380788232052482e-01
3.038655524362640081e-01
2.477483778712157025e-01
1.976726982981904523e-01
1.542553022033769650e-01
1.174731365389215104e-01
8.718607147326001838e-02
6.300510470390519036e-02
5.159177499932954269e-02
4.239758555747823870e-02
3.374063469905769913e-02
2.725737130577639625e-02
2.208457256851206404e-02
2.047163990179821577e-02
1.959691216976123737e-02
2.496540768494591445e-02
5.225992315434749985e-02
1.027301787590944593e-01
1.720130456797658580e-01
2.524177577912494197e-01
3.436541941392816102e-01
4.380203700917442156e-01
5.285161623683802823e-01
6.077591377227312686e-01
6.689257416532389255e-01
6.979416918369905076e-01
6.626694850665012515e-01
5.794561446020747297e-01
5.075185591707355170e-01
4.377844669366784403e-01
3.713302780395082991e-01
3.087919313222154405e-01
2.519625552751051933e-01
2.011662940565007995e-01
1.570702619390192123e-01
1.196535265808651299e-01
8.882458420837602286e-02
6.419696722238016351e-02
5.290888162296398384e-02
4.375023390478050694e-02
3.480055264071966331e-02
2.799267578988573132e-02
2.258403384562743602e-02
2.089173366672794283e-02
2.042102654954377344e-02
2.404324949133617925e-02
3.897036782829241958e-02
8.258783805888886276e-02
1.561245521517353185e-01
2.315979098811666859e-01
3.215074712062001572e-01
4.157493460958889830e-01
5.081446257293240620e-01
5.911758977024980100e-01
6.587242998089941626e-01
7.010544671206431211e-01
7.006475371192477652e-01
6.174212019239001537e-01
5.372092872627874938e-01
4.686516314879717870e-01
4.000839948347212904e-01
3.354798582340772217e-01
2.758234387126015652e-01
2.221899993901794990e-01
1.749597685147723791e-01
1.345892430818477481e-01
1.148455613248309803e-01
