0.000000000000000000e+00
2.257019225644687002e-02
1.962480953095918634e-01
3.985486581541519691e-01
6.712303636507180871e-01
1.030481837047444449e+00
1.496524964561569693e+00
2.084597342511851359e+00
2.815862292986828219e+00
3.729253355766359856e+00
4.880474697499191272e+00
6.284937880147975164e+00
7.296826526984493633e+00
8.308715173821012101e+00
9.617693329631245902e+00
1.112057605481282607e+01
1.290262178481981969e+01
1.497099991980982914e+01
1.708135203549210956e+01
1.869163367402821407e+01
2.030191531256431858e+01
2.200427507624155865e+01
2.368370573960210024e+01
2.524932688379165668e+01
2.675121403582816981e+01
2.831598150078530196e+01
3.000755810235513366e+01
3.174161378918676846e+01
3.337493569435775242e+01
3.489004814679444166e+01
3.640762290034518855e+01
3.804946651014469694e+01
3.980042752456630240e+01
4.150436496706426226e+01
4.306060667230040906e+01
4.454669420489513243e+01
4.611866241856831294e+01
4.784381357062365936e+01
4.960572240263044819e+01
5.123188845687942461e+01
5.213539781790074557e+01
5.303890717892206652e+01
5.404940522309350825e+01
5.516776601224020737e+01
5.632957371361531784e+01
5.756380484801574227e+01
5.906002139365629233e+01
6.082632211766435404e+01
6.244276267103871447e+01
6.405920322441306780e+01
6.590400288194841494e+01
6.797272981963176619e+01
6.987979063455300377e+01
7.180432469038295551e+01
7.360237038519080954e+01
7.524717996554005595e+01
7.686619883496372552e+01
7.859820264928821132e+01
8.014143451304036603e+01
8.168466637679252074e+01
8.315329096943942488e+01
8.465825262987284816e+01
8.615540724242370629e+01
8.792021026342882806e+01
8.983183813616844304e+01
9.139716613096217657e+01
9.296249412575591009e+01
9.491234014888638626e+01
9.683117676276820873e+01
9.860970136660162666e+01
1.003882259704350446e+02
1.020606091000997964e+02
1.035928776396245183e+02
1.051039794572798485e+02
1.066634283570171249e+02
1.082826602272455006e+02
1.098957862083786523e+02
1.115333456347902512e+02
1.132993750978632619e+02
1.150547209503582025e+02
1.166564646976677722e+02
1.181520839026291014e+02
1.196974800810416184e+02
1.213390293324481064e+02
1.231004328363195697e+02
1.248276294336764636e+02
1.263953158858407164e+02
1.278702816386743280e+02
1.294215258434295777e+02
1.310029317622364999e+02
1.327690454038771577e+02
1.343952315682754488e+02
1.360145784253251122e+02
1.376548188465966405e+02
1.393022735636780567e+02
1.409306609202802463e+02
1.425350175309209249e+02
1.441297802471462148e+02
1.457404966312123520e+02
1.473910671496065845e+02
1.490508461565746359e+02
1.506742348649709129e+02
1.522580228357838621e+02
1.538125128708509237e+02
1.554285919289027618e+02
1.570601282160592405e+02
1.587123822813394156e+02
1.603940633587095590e+02
1.620417957157168019e+02
1.636260401580521204e+02
1.651913491637341735e+02
1.668046896221732425e+02
1.684766942148262672e+02
1.701439283182742486e+02
1.717567005587951314e+02
1.733251339475839075e+02
1.749112097734383156e+02
1.765463544403473577e+02
1.782075092179111948e+02
1.798319796059109024e+02
1.814142236587496484e+02
1.830259724539718604e+02
1.846863465351201228e+02
1.863522699702183729e+02
1.879703030494705160e+02
1.895436082124032282e+02
1.911271824652228020e+02
1.927609409286849314e+02
1.944384556946111218e+02
1.960948701167503145e+02
1.976876332105732104e+02
1.992443544915388145e+02
2.008387957557855259e+02
2.024906058112079847e+02
2.041283401703900040e+02
2.057757356735743599e+02
2.074113248244004524e+02
2.090199017003625670e+02
2.106168119764496680e+02
2.122314118851076330e+02
2.138709018704929292e+02
2.155069195616654838e+02
2.171293337436306956e+02
2.187377489216742106e+02
2.203475392804749902e+02
2.219660350632204313e+02
2.235982630962781172e+02
2.252226370514745497e+02
2.268108269601151505e+02
2.284280045999145727e+02
2.300884753893514301e+02
2.317488526390077936e+02
2.333621897399122815e+02
2.349371943370616123e+02
2.365279268703273772e+02
2.381621899131074827e+02
2.398345778295046387e+02
2.400000000000000000e+02
