0.000000000000000000e+00
1.835008355489919224e-02
1.599318569585178595e-01
3.247818507015977629e-01
5.455307480959832311e-01
8.345257753341669416e-01
1.204713679685174732e+00
1.662697394413055640e+00
2.206636166473463945e+00
2.838692001706533574e+00
3.574276386705977693e+00
4.322778472939281968e+00
4.966312896532020460e+00
5.609847320124758951e+00
6.289550754823621581e+00
6.991082288001782885e+00
7.679613458618615773e+00
8.344412162116018550e+00
9.013523566415221566e+00
9.723442738774016547e+00
1.047947842887181835e+01
1.124841154896832585e+01
1.200314065524849028e+01
1.276582432252941857e+01
1.359768316914626318e+01
1.456319396373010555e+01
1.574319259910991420e+01
1.662925691895369340e+01
1.751532123879747260e+01
1.866439073666808923e+01
2.002135242890951616e+01
2.164727379617333369e+01
2.355978340071156651e+01
2.576351515498055278e+01
2.726158489080599523e+01
2.875965462663143768e+01
3.055551502072160019e+01
3.253007019678484113e+01
3.402639918799957286e+01
3.552272817921430459e+01
3.731037727229496426e+01
3.841009098452324366e+01
3.893990598760917266e+01
3.946972099069510165e+01
3.998093581108416572e+01
4.076294863975433458e+01
4.162779290063031112e+01
4.242192275290378234e+01
4.334652662702821146e+01
4.435282689021931901e+01
4.542688393820553472e+01
4.633539173356441410e+01
4.724389952892329347e+01
4.821933952166478576e+01
4.924587732898397974e+01
5.026637232850211490e+01
5.127246427630473846e+01
5.234836328829547369e+01
5.364682044217294532e+01
5.500272990173949950e+01
5.635863936130605367e+01
5.773489794289127985e+01
5.943262420569543991e+01
6.140427741242254456e+01
6.369228699018063367e+01
6.523428979159085372e+01
6.677629259300107378e+01
6.790370810004942825e+01
6.892874592225393826e+01
6.986624947514093265e+01
7.079501158158998919e+01
7.175175347416436011e+01
7.280840916542209129e+01
7.393906847005841598e+01
7.492697393142444184e+01
7.591487939279046770e+01
7.692693006104187248e+01
7.794954393024184469e+01
7.898208802882443536e+01
8.006038371267707987e+01
8.125543261866691580e+01
8.267524439072906262e+01
8.396519147290072738e+01
8.525414247186219541e+01
8.674641802580083549e+01
8.852472453157088239e+01
9.060833418726649313e+01
9.302929214038736916e+01
9.441037583573128700e+01
9.518762078715657537e+01
9.596486573858186375e+01
9.701597169487266115e+01
9.802528608773295105e+01
9.899454473239596553e+01
1.000659280150054258e+02
1.012098079660991914e+02
1.022068683861083258e+02
1.032039288061174602e+02
1.042290664032192211e+02
1.052676267185449035e+02
1.063148841040145811e+02
1.074060240419076706e+02
1.086179898279104208e+02
1.100701734175435149e+02
1.113300850676656353e+02
1.125899967177877556e+02
1.141214545144487147e+02
1.159223041736326252e+02
1.180389552886262834e+02
1.202204773157217375e+02
1.215798342208553322e+02
1.229391911259889270e+02
1.239273011014425379e+02
1.249154110768961488e+02
1.259006931481655442e+02
1.269823366172543473e+02
1.281337382149308439e+02
1.291300759503318432e+02
1.301264136857328424e+02
1.311557639412677645e+02
1.322022355759607990e+02
1.332554722237906049e+02
1.343477571160876778e+02
1.355595676068200532e+02
1.370175358836636974e+02
1.382737656239458204e+02
1.395299953642279434e+02
1.410695874670794865e+02
1.428760057152483398e+02
1.450004726173282279e+02
1.471743348633271466e+02
1.485137190145929083e+02
1.497390012788403340e+02
1.507555399641574922e+02
1.517720786494746505e+02
1.527585627985311874e+02
1.538424247295157556e+02
1.549947084080556579e+02
1.559866343759906044e+02
1.569785603439255510e+02
1.580109876915403504e+02
1.590673628683985612e+02
1.601284623945998646e+02
1.612209861718131094e+02
1.624304568175064105e+02
1.638970760487232496e+02
1.651250821282612833e+02
1.663530882077993169e+02
1.679040698128623319e+02
1.697109466377797844e+02
1.718398604028979264e+02
1.740332329558204947e+02
1.753609556658810789e+02
1.764148846837366023e+02
1.774688137015921257e+02
1.785373606604359509e+02
1.795088033396264677e+02
1.805784053112685967e+02
1.817231986709343232e+02
1.827304615236596419e+02
1.837377243763849606e+02
1.847664214813063666e+02
1.858028967902784814e+02
1.868501497501373478e+02
1.879489201400171225e+02
1.891736929696574805e+02
1.906358425169580926e+02
1.918951220713275347e+02
1.931544016256969769e+02
1.946959781381875700e+02
1.965049800727528861e+02
1.986324148875883679e+02
2.007980837145117903e+02
2.021303415079046601e+02
2.033453396934301338e+02
2.044498344387753548e+02
2.054631404117136526e+02
2.064593397920708071e+02
2.075498289238310861e+02
2.087053472426832741e+02
2.096796793296240082e+02
2.106540114165647424e+02
2.116922543543590223e+02
2.127763037556598817e+02
2.138591301252092762e+02
2.149499819290964524e+02
2.161498529331352358e+02
2.176411962233628685e+02
2.188837315229593514e+02
2.201262668225558343e+02
2.217189648119571075e+02
2.235646086449178824e+02
2.257421998788020119e+02
2.278183643979236592e+02
2.290989010472255245e+02
2.301143753980224744e+02
2.311298497488194243e+02
2.321525672309709023e+02
2.331360922328294407e+02
2.342187370041363863e+02
2.353708673387879742e+02
2.363633076980669045e+02
2.373557480573458349e+02
2.383883020016579906e+02
2.394445658521689211e+02
2.400000000000000000e+02
