0.000000000000000000e+00
2.830501055624068743e-02
2.462629535541469017e-01
5.011262563360916467e-01
8.500402076919595373e-01
1.314637481100899841e+00
1.921851317578748830e+00
2.689820501379637907e+00
3.626329813188798656e+00
4.718493966762727254e+00
5.932177944880512754e+00
7.427551989899372487e+00
9.185828897533323101e+00
1.079532516027272493e+01
1.240482142301212676e+01
1.395014641310386239e+01
1.543784715486563641e+01
1.697344633406474301e+01
1.863285532303056513e+01
2.036023525693135028e+01
2.201577938011047308e+01
2.355200600846437453e+01
2.506490354349084626e+01
2.668009409424123390e+01
2.841306229025983043e+01
3.013219824570703409e+01
3.171777713638530116e+01
3.321328308505506754e+01
3.476400800250964096e+01
3.645942667681428162e+01
3.822063034053599040e+01
3.987680136805939668e+01
4.138805693229195981e+01
4.288310661828545989e+01
4.451059484937312050e+01
4.627626988897593918e+01
4.800911064227754821e+01
4.957388544660337004e+01
5.104073492511594168e+01
5.258735730976857781e+01
5.431105179236271852e+01
5.610135046438976758e+01
5.758116096930053374e+01
5.906097147421129989e+01
6.010140790212218320e+01
6.114184433003306651e+01
6.250713256089931491e+01
6.398220844018992892e+01
6.568093522558214659e+01
6.744124557631269568e+01
6.982117136263036627e+01
7.211240095680489048e+01
7.370220735871653517e+01
7.529201376062817985e+01
7.702832495499475840e+01
7.878248649852849894e+01
8.039308151353250764e+01
8.187633864699682817e+01
8.339193785048362884e+01
8.506867658767892237e+01
8.684744364654400783e+01
8.853445446339902958e+01
9.005849872198164974e+01
9.153654858270191141e+01
9.313578090443976976e+01
9.489550546047119894e+01
9.665532075502039788e+01
9.824598161260337292e+01
9.970866779604394026e+01
1.012256532160785554e+02
1.029260783908032408e+02
1.047311495604821374e+02
1.062246880461866994e+02
1.077182265318912613e+02
1.093965712101345531e+02
1.112089800583829344e+02
1.127173162076770438e+02
1.142256523569711533e+02
1.159040361497059308e+02
1.176997813205141625e+02
1.192131173004361386e+02
1.207264532803581147e+02
1.224009156017285704e+02
1.241873683283247374e+02
1.257069671422200088e+02
1.272265659561152802e+02
1.288982858520382706e+02
1.306749329907419792e+02
1.323681888578678070e+02
1.338931543270440727e+02
1.353646220163755061e+02
1.369561911354957999e+02
1.387163271433541922e+02
1.404852791839616657e+02
1.420823520964446232e+02
1.435417861276838778e+02
1.450499453518827409e+02
1.467458730235659061e+02
1.485573910222076108e+02
1.500517031300915676e+02
1.515460152379755243e+02
1.532258115191350214e+02
1.550393794621998893e+02
1.565456211937903674e+02
1.580518629253808456e+02
1.597308032781088230e+02
1.615295391027699168e+02
1.630414347131764430e+02
1.645533303235829692e+02
1.662285610439810171e+02
1.680173665655780155e+02
1.695354807707020655e+02
1.710535949758261154e+02
1.727259925713008784e+02
1.745050014313762574e+02
1.760286456908264938e+02
1.775522899502767302e+02
1.792219712538984027e+02
1.809921805314156131e+02
1.826825996147685771e+02
1.842114297190231582e+02
1.856886905421100664e+02
1.872815248810742048e+02
1.890361924685022927e+02
1.907991583281476835e+02
1.923970667515253012e+02
1.938624256146615892e+02
1.953748790204781471e+02
1.970682947213442731e+02
1.988724932956580176e+02
2.003711848907256012e+02
2.018698764857931849e+02
2.035477318361508026e+02
2.053544104296195485e+02
2.068645008900940354e+02
2.083745913505685223e+02
2.100516630699409291e+02
2.118442026885004168e+02
2.133596010387648221e+02
2.148749993890292274e+02
2.165485110060948841e+02
2.183316827553050246e+02
2.198530579650388859e+02
2.213744331747727472e+02
2.230452712441682195e+02
2.248191331943505133e+02
2.265111788879424637e+02
2.280378361884896492e+02
2.295118232828365308e+02
2.311039411582809464e+02
2.328616954976638453e+02
2.346280330380656949e+02
2.362254486338737252e+02
2.376874322392943668e+02
2.391974438432818886e+02
2.400000000000000000e+02
