2.645942091241549332e-01
2.594140052033923616e-01
2.134980940135730865e-01
1.717984214460846204e-01
1.330161187350164254e-01
1.002532425882254469e-01
7.359777123711269686e-02
5.437333461724452172e-02
4.465162088819501357e-02
3.678446470317394551e-02
2.954472940367314227e-02
2.355478737582444859e-02
1.969215707584777778e-02
1.832978983477716317e-02
2.248248757573922604e-02
4.467024719306893904e-02
9.152782099339330790e-02
1.618963556720950381e-01
2.399307932638516661e-01
3.309572719956504483e-01
4.262424544949827143e-01
5.191927972330090402e-01
6.022990494896526270e-01
6.695573193765271824e-01
7.110545104019115881e-01
7.065245363708659854e-01
6.087376720785639961e-01
5.291819814796976384e-01
4.612926907559240508e-01
3.938381836371658284e-01
3.302680745309253263e-01
2.717760823569170259e-01
2.191381445568353070e-01
1.728708002234691232e-01
1.332457424337084306e-01
1.001463224591098017e-01
7.332990955892605689e-02
5.942354623503692812e-02
4.834677139542003371e-02
3.880060265829188976e-02
3.126522657232606167e-02
2.568589603720803152e-02
2.137455238760006468e-02
2.073880052314944905e-02
2.865956408456036067e-02
6.317782750119692314e-02
1.197647474599046885e-01
1.905905178408167089e-01
2.752167672726294478e-01
3.686681939915799622e-01
4.641767401261954196e-01
5.545922864489049031e-01
6.333606199758704536e-01
6.951062199004703901e-01
7.298570372021228048e-01
7.261222616248409478e-01
6.460951948500759379e-01
5.656740585304985691e-01
4.965245050553772077e-01
4.270212125177141327e-01
3.610945759162489943e-01
2.994878909140143985e-01
2.436198898075944141e-01
1.938255877496306290e-01
1.508123146044774432e-01
1.143852987421198897e-01
8.456301453715218963e-02
6.679948082486279748e-02
5.303558125849259369e-02
4.395539141369652486e-02
3.652424491752826602e-02
2.968093205588679881e-02
2.370587571799762441e-02
2.316766343857185051e-02
2.747013578760351335e-02
4.715397555921709699e-02
9.421770013005120736e-02
1.677326845191477178e-01
2.462572087656198505e-01
3.380787884621569428e-01
4.337884347768639071e-01
5.270940010971646439e-01
6.109793944344548144e-01
6.806800867011114642e-01
7.298869483248423551e-01
7.504071771647046196e-01
7.386255187610664130e-01
6.491333759802817571e-01
5.684005476425265657e-01
4.990045995295371295e-01
4.290023059333647470e-01
3.624994563861824726e-01
3.004229876645640451e-01
2.440287598689676318e-01
1.938439927969882737e-01
1.504785890961861106e-01
1.138373370850355309e-01
8.390014594082802202e-02
6.804902496767212261e-02
5.540718460715540056e-02
4.457033513448786094e-02
3.601492543521150197e-02
2.962620425642922828e-02
2.792581518394390838e-02
2.632780594131862648e-02
2.897493781071218757e-02
4.832354421064465749e-02
9.507413881198513439e-02
1.702806802441409750e-01
2.488167916804596980e-01
3.409008550471459009e-01
4.367133075344608595e-01
5.301224404469619955e-01
6.142947540862252476e-01
6.848723728669675603e-01
7.364778695182812029e-01
7.609908537115671612e-01
7.661535488026979257e-01
7.285087357194316438e-01
6.582501756742010768e-01
5.941965787596458215e-01
5.189256311851124792e-01
4.486598074944956882e-01
3.805229578963764125e-01
3.166560549487119069e-01
2.582834592145086816e-01
2.059868414697201000e-01
1.605691603320905381e-01
1.219354752111352774e-01
9.022348240715599710e-02
7.288790835683896241e-02
5.911979678037096453e-02
4.766676924732246579e-02
3.877213939121338521e-02
3.200194599844136123e-02
2.968954518915111959e-02
3.290875178175926147e-02
5.388702466216166442e-02
1.023086174292375944e-01
1.772724897269959687e-01
2.570681421803902578e-01
3.496178132106913528e-01
4.455045312381200606e-01
5.384976261894895977e-01
6.220914300564769350e-01
6.923347034484512719e-01
7.442754648304464871e-01
7.704505872862655869e-01
7.815008825904391498e-01
7.682475532443736599e-01
6.769476448387320433e-01
5.956354401425957290e-01
5.254113846796051313e-01
4.536358260821732880e-01
3.850757366653822511e-01
3.204616671747312906e-01
2.613139357235433891e-01
2.082960593545250261e-01
1.621967863120539477e-01
1.230071832143941474e-01
9.087770371303009742e-02
7.472962799990438831e-02
6.165310793786038523e-02
4.953769458918456242e-02
3.947616850560198981e-02
3.606575110799370432e-02
3.296468792810882537e-02
5.640548151880018374e-02
1.142791652940366304e-01
1.915222288898533742e-01
2.734666762720900923e-01
3.670171145103531818e-01
4.628287375223045230e-01
5.546448964447951990e-01
6.365202714597179012e-01
7.049516523122729694e-01
7.503897599232441928e-01
7.803819413831276641e-01
7.946296415592427609e-01
7.881794323068104235e-01
7.337176754798039324e-01
6.466621895266998488e-01
5.706926647978524114e-01
4.980913417318160730e-01
4.273723565915238942e-01
3.595817128096843729e-01
2.966966502415898099e-01
2.393727711642553713e-01
1.887948479176067285e-01
1.450792868281370607e-01
1.086322444289905403e-01
8.567842401836162081e-02
6.791354428441277735e-02
5.675504037810369384e-02
4.753685308891720390e-02
3.865062741885244568e-02
3.729605435475930736e-02
4.672771900425553432e-02
8.165638342038368525e-02
1.436668038645055601e-01
2.182399516743186718e-01
3.053543519240920490e-01
3.999381730182048345e-01
4.951122931149987694e-01
5.841025880788609514e-01
6.621515801313494487e-01
7.260663148758648155e-01
7.653228894792132309e-01
7.918788513434652510e-01
8.063835960919604195e-01
8.024497682067480708e-01
7.636448854845663270e-01
6.329852897859421512e-01
5.517874746035595912e-01
4.824401443885448781e-01
4.112986135104392260e-01
3.442662166247516531e-01
2.821758343065938757e-01
2.260035600398671018e-01
1.768003249223809858e-01
1.346190501736653500e-01
1.055993366496115748e-01
