0.000000000000000000e+00
1.778749588111300933e-02
1.552059178595061317e-01
3.152097858607958436e-01
5.293577456397617897e-01
8.095845576437645796e-01
1.168180350148390501e+00
1.611199044071634390e+00
2.135690591801171934e+00
2.742857527175034615e+00
3.447241010204360467e+00
4.252166040789135515e+00
4.800406999404755126e+00
5.348647958020374737e+00
6.028842415479179095e+00
6.809375955831029614e+00
7.377377762176272391e+00
7.945379568521515168e+00
8.633897536451790700e+00
9.418822927678123236e+00
1.001527322796309782e+01
1.061172352824807241e+01
1.131534209811352376e+01
1.210397744949259113e+01
1.273345632858100629e+01
1.336293520766942144e+01
1.408680829216724639e+01
1.488945458234894303e+01
1.557088285619195922e+01
1.625231113003497541e+01
1.701248994944444348e+01
1.784931246382725689e+01
1.868589313660405438e+01
1.947329357833258001e+01
2.026093978517859995e+01
2.115212821549378219e+01
2.222341303319037920e+01
2.348627173161493076e+01
2.471461000218778281e+01
2.594294827276063486e+01
2.718766658500635813e+01
2.876224694633301127e+01
3.061920845813621384e+01
3.277379693703966268e+01
3.432510979347144087e+01
3.587642264990321905e+01
3.656135665163776594e+01
3.724629065337231282e+01
3.812561722129770914e+01
3.898801430353954345e+01
3.982683148753176283e+01
4.076389213873250839e+01
4.177012203410976809e+01
4.281697768183470032e+01
4.364557808767122538e+01
4.447417849350775043e+01
4.539523491602442107e+01
4.636635212154570951e+01
4.718042864981273254e+01
4.799450517807975558e+01
4.891359622100400628e+01
4.992975958108536361e+01
5.093213782161495828e+01
5.185925223712802534e+01
5.278892696509365123e+01
5.386734004096307160e+01
5.519761040748579717e+01
5.676742971091097445e+01
5.812814414115842965e+01
5.948885857140588485e+01
6.108255592154738167e+01
6.297761427113229615e+01
6.394991219555559780e+01
6.492221011997889946e+01
6.602920161989199244e+01
6.713619311980508542e+01
6.816283351708601401e+01
6.922119436791531655e+01
7.030119002776048376e+01
7.122227813505769234e+01
7.214336624235490092e+01
7.310384135805119854e+01
7.405923619071977271e+01
7.496263463223741041e+01
7.583036150606986325e+01
7.672738292272092053e+01
7.770242521447119088e+01
7.873732808479014977e+01
7.977085611006361887e+01
8.079074944482857745e+01
8.187116203442039364e+01
8.312607291078502669e+01
8.464205141989721426e+01
8.631940873268085568e+01
8.786777121340828955e+01
8.943275630775202956e+01
9.127584071481484784e+01
9.266906774799853963e+01
9.378306912256392991e+01
9.489707049712932019e+01
9.603725195958743655e+01
9.716070608359541438e+01
9.809436514270329610e+01
9.902802420181117782e+01
1.000229323888352155e+02
1.010193556949110416e+02
1.019385267730982463e+02
1.027944239486990483e+02
1.036783790731706745e+02
1.046668141969589669e+02
1.057405825658560730e+02
1.068008761737416137e+02
1.078099860397002772e+02
1.088563284620413896e+02
1.100858166581701880e+02
1.115987727682392716e+02
1.133067763575180464e+02
1.148966414303611714e+02
1.164155018647311692e+02
1.178055487405292325e+02
1.191955956163272958e+02
1.203671412053270444e+02
1.215386867943267930e+02
1.227083172609684709e+02
1.238362781876821686e+02
1.248754818825807575e+02
1.258214264427277982e+02
1.267203167109432513e+02
1.276358969035882325e+02
1.285992068650037083e+02
1.295809785040567874e+02
1.305305740608348799e+02
1.314474203528691589e+02
1.323895403930562225e+02
1.334184926522284798e+02
1.345415409179344977e+02
1.357134147790773966e+02
1.369196320576733683e+02
1.382451105607294153e+02
1.398404689306415207e+02
1.415017473827474248e+02
1.430621367523840775e+02
1.445582900867153739e+02
1.460544434210466704e+02
1.472387020503697954e+02
1.484229606796929204e+02
1.496151315666941173e+02
1.507497068091231256e+02
1.517726561573207391e+02
1.526996206180443778e+02
1.536014351534962543e+02
1.545429040376220087e+02
1.555298295767045147e+02
1.565073189576313837e+02
1.574347318294533693e+02
1.583441018282880748e+02
1.593103219106777999e+02
1.603792609502545758e+02
1.615225896850405150e+02
1.626838710170625006e+02
1.638819934441000612e+02
1.652419339918746459e+02
1.669005067205009141e+02
1.685500653890891556e+02
1.701090118259660073e+02
1.718893994108678385e+02
1.735018428048938404e+02
1.746415845309927022e+02
1.757813262570915640e+02
1.769748063263558322e+02
1.779737759979905434e+02
1.789727456696252545e+02
1.800215423792528213e+02
1.810499872216231267e+02
1.819778427872430200e+02
1.828331529486082729e+02
1.837230807660316998e+02
1.847299887608937183e+02
1.858228356258969427e+02
1.868845558271968343e+02
1.878778405302516035e+02
1.889044337258462463e+02
1.901173383420218954e+02
1.916038065083255901e+02
1.932930641204104063e+02
1.949481132249777318e+02
1.965517102907443530e+02
1.982609715575915459e+02
1.998752471289608934e+02
2.010320189055094602e+02
2.021887906820580270e+02
2.034067013093689980e+02
2.044125153338911502e+02
2.054183293584133025e+02
2.064762796359404717e+02
2.074004422765550544e+02
2.083246049171696370e+02
2.092974481407247822e+02
2.102905566761369016e+02
2.112552675948961394e+02
2.121928309428112129e+02
2.131624317085582447e+02
2.142267297193693878e+02
2.153957947765249230e+02
2.166308122623623831e+02
2.179285878683235467e+02
2.193901229622863980e+02
2.210806643904708437e+02
2.227085767572124553e+02
2.243630514446186339e+02
2.259921366296337624e+02
2.272501046107468028e+02
2.285080725918598432e+02
2.297067599323884792e+02
2.307995596672111276e+02
2.317849974721630417e+02
2.327255881443918497e+02
2.336807489017766670e+02
2.346589394218774771e+02
2.356231046136614111e+02
2.365476624943427453e+02
2.374588699691093723e+02
2.384116020954967041e+02
2.394369392562836936e+02
2.400000000000000000e+02
