3.426293250000000401e-01
3.475685143268255062e-01
3.836172742230735122e-01
4.215642216680392518e-01
4.666211030536079885e-01
5.167781357823354460e-01
5.688423366232294720e-01
6.175394733073353848e-01
6.568200584723422608e-01
6.782467642641129002e-01
6.625576347462389659e-01
5.572362472013404622e-01
4.735815851302493940e-01
4.040280664692175727e-01
3.307461791086801495e-01
2.646657953939494101e-01
2.049687645658566371e-01
1.539507770439395573e-01
1.161195413187628561e-01
9.418842403498184357e-02
7.673602987321213875e-02
6.204726925285686950e-02
5.049746046291746920e-02
4.179277583230964904e-02
3.493332219505642516e-02
2.903950632394178624e-02
2.382858813353587110e-02
1.949160108854178577e-02
1.615453550734325880e-02
1.358660490275624168e-02
1.143387529118730823e-02
9.495497637747095029e-03
7.795576501121528196e-03
6.438555746400353302e-03
5.409464797030600486e-03
4.582495941780511013e-03
3.846303669098897083e-03
3.174919796735929407e-03
2.610914033655889911e-03
2.180252492552657659e-03
1.972651378856555681e-03
7.437909034646437989e-03
3.690158064158930579e-02
8.607848770283677009e-02
1.433969491498441606e-01
2.016834825980589885e-01
2.597464666813454337e-01
3.011596687715780152e-01
3.058633771614215346e-01
2.718011203128944397e-01
1.979112419164335002e-01
1.385447219515196504e-01
1.008038508393622606e-01
7.389047873205432937e-02
5.578894209441141033e-02
4.346745401552182947e-02
3.422837986414516837e-02
2.669241975858217472e-02
2.154835611748370447e-02
4.566227057147481672e-02
9.281399847676979897e-02
1.490349846953993029e-01
2.009888164076688855e-01
2.464088744036529166e-01
2.666841812044931648e-01
2.553919192592726817e-01
2.161884334647552752e-01
1.537593899097992323e-01
1.106516124517270411e-01
8.231356633364834974e-02
6.176796783522115614e-02
4.752103565663271662e-02
3.761436991175229339e-02
3.408291704781201553e-02
5.822453681483646254e-02
1.046736385310298861e-01
1.572653300870871518e-01
2.049610490985929179e-01
2.402203390591925170e-01
2.514793868316777536e-01
2.369099371426082457e-01
2.007536986507287013e-01
1.531760240852439725e-01
1.153243219145713705e-01
8.574665988750047874e-02
6.465448913253010743e-02
5.039029341641516196e-02
4.009490994981317752e-02
4.538663842343410026e-02
7.719791908383689949e-02
1.286446627043502933e-01
1.770684123570460955e-01
2.163848715402189871e-01
2.402368641841507724e-01
2.430706725211604635e-01
2.221769340253725022e-01
1.788955481765885924e-01
1.351452700797736439e-01
1.025238254133665344e-01
7.781700366239309441e-02
5.941710476128689300e-02
4.596615786080041066e-02
4.390634033729656771e-02
6.844242258487166775e-02
1.110621302069534494e-01
1.590163565898136122e-01
2.019117093540043761e-01
2.316009247054217901e-01
2.414024738341123966e-01
2.294880799885181399e-01
1.963941643011785088e-01
1.492525783204923240e-01
1.117211302492005370e-01
8.433319788868386124e-02
6.471217997985147241e-02
5.035824007283037917e-02
4.386615978912159625e-02
6.397337247621033562e-02
1.046674039644826526e-01
1.513466951198550181e-01
1.931651957082621551e-01
2.244867603416884905e-01
2.390914663549291719e-01
2.317352565386687491e-01
2.020546664275613413e-01
1.570679144703232832e-01
1.191876418082499917e-01
9.029709536275275228e-02
6.841897846014756424e-02
5.241427432665413111e-02
4.453844893832242802e-02
6.097338574839442776e-02
9.757378230899128868e-02
1.441629331921422674e-01
1.879771977275389860e-01
2.212106606837345169e-01
2.374753253083698168e-01
2.333004458458207697e-01
2.076943729904730251e-01
1.625078155581467232e-01
1.220170014832228089e-01
9.233836487296970263e-02
7.054708180122716554e-02
5.440638349542318425e-02
4.492127155068409428e-02
6.005805705336148687e-02
9.661620745434430779e-02
1.419961941197095401e-01
1.846047080159124443e-01
2.181821197578331650e-01
2.362468608754890731e-01
2.333926956821552601e-01
2.086769671275560400e-01
1.657008221356151279e-01
1.253966180388464413e-01
9.484843833804701418e-02
7.181522315525043498e-02
6.989500612482957287e-02
