0.000000000000000000e+00
6.085938632616564106e-03
6.694532495878220690e-02
1.861186693221472954e-01
3.406404568726644211e-01
5.517626406055337052e-01
8.291967320006939923e-01
1.180020204861034427e+00
1.607197845450500484e+00
2.106042971343763615e+00
2.677918287022630128e+00
3.330508105398934493e+00
4.074356682471071522e+00
4.676060961114622216e+00
5.277765239758172910e+00
5.922782335338048654e+00
6.588266509159925732e+00
7.235388126439161738e+00
7.864418764337545831e+00
8.527681909038113517e+00
9.221372970773012767e+00
9.891799341432498949e+00
1.050894193973643098e+01
1.125270909818967979e+01
1.206242886005539816e+01
1.296121726283248954e+01
1.398136814114702098e+01
1.514201765510390985e+01
1.645164841846749937e+01
1.793449454464808213e+01
1.960426151525059169e+01
2.149379711570036733e+01
2.361939173829250649e+01
2.556912312292915246e+01
2.721878284835869266e+01
2.886844257378823286e+01
3.059332105707763816e+01
3.235005066849463162e+01
3.406039222203203565e+01
3.569305515229039116e+01
3.728313754957017068e+01
3.888423806715321973e+01
4.051721727495090164e+01
4.215594553236195452e+01
4.376394644194234473e+01
4.534203226998108960e+01
4.692866212393668235e+01
4.855554070601480277e+01
5.020892830571031595e+01
5.184271909022185554e+01
5.343401637712455710e+01
5.501116920192817616e+01
5.559972015178535543e+01
5.589984649372863856e+01
5.616241626161551181e+01
5.640271288950190609e+01
5.674163376340809606e+01
5.718033829342653007e+01
5.758766245024749963e+01
5.808806456866589940e+01
5.866667598579898169e+01
5.933509673662953787e+01
6.009570531347543465e+01
6.095516867071379608e+01
6.194499205503468175e+01
6.267844351809483783e+01
6.330175468283734830e+01
6.389063314209827382e+01
6.475516194826083449e+01
6.568517617843967571e+01
6.675490850853424263e+01
6.796891990773625025e+01
6.933700865374105149e+01
7.089170143347459430e+01
7.264471639754832211e+01
7.463191951658420464e+01
7.687504009639656033e+01
7.939735714335725447e+01
8.083373754298231972e+01
8.227011794260738498e+01
8.412922011342875805e+01
8.597301193362197580e+01
8.781680375381519355e+01
8.952751450059633953e+01
9.015680218384200373e+01
9.032534165341705545e+01
9.049388112299210718e+01
9.071658208226226350e+01
9.108774642560462098e+01
9.156120034644047223e+01
9.200382646138633902e+01
9.254061407181828258e+01
9.315658292798813989e+01
9.386309993657224027e+01
9.466072942501590148e+01
9.556281210664900527e+01
9.659327571852892902e+01
9.753591494911132997e+01
9.834833310418881069e+01
9.916075125926629141e+01
1.001133692745770389e+02
1.011941498696117208e+02
1.024251654715622237e+02
1.038143072294713534e+02
1.053947123245854698e+02
1.071788492841654090e+02
1.092038254575130765e+02
1.114902779060623601e+02
1.136428200430066227e+02
1.152832828697112149e+02
1.169237456964158071e+02
1.186898343774906976e+02
1.204895287125387426e+02
1.221938344305756914e+02
1.228346085322876178e+02
1.231112124134150179e+02
1.233878162945424179e+02
1.236893619033874216e+02
1.240666550086200743e+02
1.245220398136266766e+02
1.249884583467048174e+02
1.255437710858378182e+02
1.261802738039737761e+02
1.269063440522260038e+02
1.277209529102850070e+02
1.286391182633232120e+02
1.296603437007459263e+02
1.306109831082374342e+02
1.314184086584669444e+02
1.322258342086964547e+02
1.331748069068642337e+02
1.342522069058665295e+02
1.354810558905816436e+02
1.368696794410513178e+02
1.384511187574808559e+02
1.402382486911932347e+02
1.422687555341828727e+02
1.445624916473170458e+02
1.466477464789388137e+02
1.483078461370611194e+02
1.499679457951834252e+02
1.517155212673793869e+02
1.534782073805405389e+02
1.551729767997533713e+02
1.557838948102666734e+02
1.560134682706556646e+02
1.562226119188561881e+02
1.566077021710975430e+02
1.570947007431414022e+02
1.575506801893749014e+02
1.581005446504681515e+02
1.587283803619052378e+02
1.594443251685106020e+02
1.602458010028189790e+02
1.611426876096131195e+02
1.621343979379684583e+02
1.631224098826721161e+02
1.638973997868216088e+02
1.646723896909711016e+02
1.655625631782619394e+02
1.665728630724417485e+02
1.677317615469220016e+02
1.690429849339309101e+02
1.705360642880124828e+02
1.722284497435441324e+02
1.741503990807497644e+02
1.763281105601440117e+02
1.787842968076894010e+02
1.803360045132530729e+02
1.818877122188167448e+02
1.837253416240974673e+02
1.854704855132465866e+02
1.872156294023957059e+02
1.878498650141609687e+02
1.882162646195517652e+02
1.885826642249425618e+02
1.889171104388840945e+02
1.893102287866207405e+02
1.897553209087382129e+02
1.902428800619938443e+02
1.908128085303327737e+02
1.914646630244543815e+02
1.922027255024304679e+02
1.930242859562139301e+02
1.939404116223254846e+02
1.949181312793123482e+02
1.958606817450209405e+02
1.966404335413538433e+02
1.974201853376867462e+02
1.983065446724366723e+02
1.993153730926221670e+02
2.004731456893442783e+02
2.017846553379712304e+02
2.032796367741122765e+02
2.049752792192605000e+02
2.069030548294782932e+02
2.090877785472621326e+02
2.115520435667692709e+02
2.130580427814925883e+02
2.145640419962159058e+02
2.164086133683826745e+02
2.181918576072078224e+02
2.199751018460329703e+02
2.206275013794381152e+02
2.208188937649048285e+02
2.210102861503715417e+02
2.212408347102394259e+02
2.216305973674869563e+02
2.221233197102219208e+02
2.225832189639364742e+02
2.231364931461930325e+02
2.237664386986305942e+02
2.244822412716615077e+02
2.252792929138113038e+02
2.261638682601138726e+02
2.271242787200235966e+02
2.280445470053971633e+02
2.290111381344294443e+02
2.298269211408313311e+02
2.306427041472332178e+02
2.316075446431084686e+02
2.327071749332608590e+02
2.339619216985456092e+02
2.353876254069697893e+02
2.370126412613441005e+02
2.388557836553446805e+02
2.400000000000000000e+02
