3.426293250000000401e-01
3.478924555590225398e-01
3.866889197276138224e-01
4.282149155569632271e-01
4.784056570459855329e-01
5.359443953244620307e-01
5.983825516006194833e-01
6.614812629744600825e-01
7.205992627386262894e-01
7.724680741149714258e-01
8.149341147610584812e-01
8.412544673321303845e-01
8.555246021988535121e-01
8.595371035552586969e-01
8.563146910127122924e-01
8.455099148008747845e-01
8.218729346602909880e-01
7.754882757261009063e-01
6.772437404316143938e-01
5.933575405948131598e-01
5.213850994822634144e-01
4.430980151618657548e-01
3.681197101461481935e-01
2.973834576143816744e-01
2.332390195284646806e-01
1.774841302116175468e-01
1.417258382018811713e-01
1.137203120466177136e-01
9.223308974760939527e-02
7.616862398110023358e-02
6.331037632827615780e-02
5.203760002153334091e-02
4.209808788415569936e-02
3.406241923431314184e-02
2.807144542332477496e-02
2.351120556270481013e-02
1.968383182516547994e-02
1.628461464880556417e-02
1.339813731941484447e-02
1.114645695836954248e-02
1.003374379209574958e-02
1.514977096005336137e-02
4.324536531909659032e-02
9.896282864756200670e-02
1.702120937981347337e-01
2.436311852413123313e-01
3.245050008997549806e-01
4.014983707897138987e-01
4.650265136224011608e-01
5.004374232638243436e-01
5.200441730413510877e-01
5.208708798846043431e-01
4.837784172140509598e-01
3.773919107174287801e-01
2.984468241713825742e-01
2.376279864196537972e-01
1.803015730257335469e-01
1.327267021595665564e-01
9.448272002546220794e-02
7.602243236714480157e-02
6.149242338761285592e-02
4.781992494310243619e-02
4.057608931157013349e-02
6.605324321556581280e-02
1.234542822941023105e-01
1.955459930969119797e-01
2.672464966364778149e-01
3.422245420972410135e-01
4.088548455126490566e-01
4.516202702713604800e-01
4.771173571234076927e-01
4.830331286815215397e-01
4.603224902396090834e-01
3.832983725746093584e-01
3.054716107228852562e-01
2.449494398137827267e-01
1.864464462298029701e-01
1.377717572567886684e-01
9.781081046043582639e-02
7.474963653897043203e-02
5.759211642472916726e-02
4.977388244558703101e-02
7.706616246997079200e-02
1.333404332306160345e-01
2.051095611987163447e-01
2.762457841053946872e-01
3.487375846091629872e-01
4.111249299479693420e-01
4.484522352993002836e-01
4.692585207415827520e-01
4.705245135179709215e-01
4.383701249591640536e-01
3.461474731521912429e-01
2.706874480388236082e-01
2.132067745667104164e-01
1.595530630847682985e-01
1.157102962191904477e-01
8.648273185402551022e-02
6.720766133818302512e-02
5.411507240307972255e-02
6.668239442121499938e-02
1.113510905225198327e-01
1.730157401251678773e-01
2.406227434861389070e-01
3.145453499999898428e-01
3.833239778148933019e-01
4.306007854715579453e-01
4.600596645566915055e-01
4.693112141010589156e-01
4.541287574163217489e-01
3.965983640776610808e-01
3.110611736733018273e-01
2.489421424111633308e-01
1.905902442358354820e-01
1.412594424936788606e-01
1.006294692420703768e-01
7.458751987770810554e-02
5.803210183609035927e-02
5.650077819043407973e-02
8.160174991334991079e-02
1.409445503269047550e-01
2.128246523208599250e-01
2.838724380091185995e-01
3.546530938918146525e-01
4.139371592578051096e-01
4.479766086035925632e-01
4.658488480673201870e-01
4.638882239073141567e-01
4.248437760850555800e-01
3.256738274553858670e-01
2.518546912868578347e-01
1.963039209976431554e-01
1.460586371288445096e-01
1.053719016664582675e-01
8.263447269953512475e-02
6.524581131400400413e-02
5.450924760776271194e-02
7.838025888465012525e-02
1.366384947193998445e-01
2.102980464848876185e-01
2.807093153525201390e-01
3.511007944000243408e-01
4.109016584267515815e-01
4.463316764714964080e-01
4.652271467441881914e-01
4.641728812241800450e-01
4.279059960381021988e-01
3.321565324513871542e-01
2.578296591603692067e-01
2.016658912709947959e-01
1.501629418885620237e-01
1.082948486983990738e-01
8.370680227754524749e-02
6.519752715473640936e-02
5.445445414731938522e-02
7.818077557183944482e-02
1.357967495407979563e-01
2.095315029138352936e-01
2.798567311021559201e-01
3.502864878219698053e-01
4.102783484958754667e-01
4.459652951989869218e-01
4.650840895093534821e-01
4.642678682861696160e-01
4.285649589368929480e-01
3.334665600839588628e-01
2.590465727686782071e-01
2.027645504009746025e-01
1.510294362105528698e-01
1.089505555058544600e-01
8.392961346881816498e-02
6.516372184995990191e-02
5.441759824911793220e-02
7.819616977728065244e-02
1.357737064078841371e-01
2.094660139105952723e-01
2.797919571171390007e-01
3.502437534701696165e-01
3.847495822277589572e-01
