3.426293250000000401e-01
3.481463007996614123e-01
3.891921181040278732e-01
4.334923955881375135e-01
4.874862873116314055e-01
5.501703886276874123e-01
6.192837652794700443e-01
6.907127559912203951e-01
7.595207812085474908e-01
8.228098550214539841e-01
8.796422875445548684e-01
9.284831852570043509e-01
9.545161043748421337e-01
9.751305284729188116e-01
9.940698978504424188e-01
1.008861934824460738e+00
1.016214416912729179e+00
1.020968114471189070e+00
1.023797554511772345e+00
1.023926680346993079e+00
1.022265841774876005e+00
1.019384278612188277e+00
1.014759282119858552e+00
1.008429830224898183e+00
1.002839753762409192e+00
9.968586928939000558e-01
9.896169864345671918e-01
9.814420799703071907e-01
9.748728008975356962e-01
9.683564839268038460e-01
9.610501953585598445e-01
9.533197618576597643e-01
9.472443277837766518e-01
9.414044614023349133e-01
9.351097229248783727e-01
9.286571493272949285e-01
9.235826100462191102e-01
9.187696181143025775e-01
9.136923446845223173e-01
9.085606925472139439e-01
9.044670544694302095e-01
9.005895167831843295e-01
8.965364270176808814e-01
8.924490122051005336e-01
8.887550890753662669e-01
8.855911627684260878e-01
8.826716354896207983e-01
8.796380809640980125e-01
8.764127937170814731e-01
8.732997023390228764e-01
8.705982498981814643e-01
8.682163522035524217e-01
8.658309481286871057e-01
8.632275357765596402e-01
8.605342737953430854e-01
8.583834793422090437e-01
8.562984527107008192e-01
8.540289556022570006e-01
8.516593771949708680e-01
8.497452485677178258e-01
8.478937850881699267e-01
8.459091851318190081e-01
8.438666458751501454e-01
8.421958227033323752e-01
8.405875941801324025e-01
8.388883744377119145e-01
8.371596533917146088e-01
8.355852200328960366e-01
8.342296373266896437e-01
8.329790125508250709e-01
8.316889645096310346e-01
8.303350866689614973e-01
8.290488440186304375e-01
8.279504656834205667e-01
8.269986668995105150e-01
8.260665067570663878e-01
8.250783318370493724e-01
8.240897605568822115e-01
8.233230471473494960e-01
8.226008509424763693e-01
8.218403759190705538e-01
8.210764500494723839e-01
8.204826255079868957e-01
8.199261547117301374e-01
8.193484250560766347e-01
8.187754994379631279e-01
8.183264171061016556e-01
8.179072255085158005e-01
8.174763317847579813e-01
8.170519978064461064e-01
8.167171948941756021e-01
8.164055789503685823e-01
8.160879564174517986e-01
8.157770706683579176e-01
8.155042318181985328e-01
8.152766265621718134e-01
8.150722636760957540e-01
8.148670884317996688e-01
8.146580381762399403e-01
8.144652797848039860e-01
8.143048816057509853e-01
8.141687083597842767e-01
8.140377144997278380e-01
8.139014956465920880e-01
8.137680222504272143e-01
8.136664485296014604e-01
8.135719825774591074e-01
8.134735371484750344e-01
8.133757909623007265e-01
8.133010138788798749e-01
8.132314701151619474e-01
8.131595424264315142e-01
8.130885931310799508e-01
8.130336772159180159e-01
8.129825857372456888e-01
8.129299883614137245e-01
8.128782047593129390e-01
8.128377552579193477e-01
8.128001134063801425e-01
8.127615454442763676e-01
8.127236754793586426e-01
8.126938396271915499e-01
8.126660711956855687e-01
8.126377440682026609e-01
8.126099967242375044e-01
8.125856334909489220e-01
8.125652918682813031e-01
8.125469944528428412e-01
8.125285730663821537e-01
8.125097497029760696e-01
8.124923558410773738e-01
8.124778569217463442e-01
8.124655218712099058e-01
8.124536213932271878e-01
8.124412047052257391e-01
8.124290063356339742e-01
8.124197172669661571e-01
8.124110594554451170e-01
8.124020062792371988e-01
8.123929929521004345e-01
8.123861003463201946e-01
8.123796801164608894e-01
8.123730210524815476e-01
8.123664396490092310e-01
8.123613515393973694e-01
8.123566135219039142e-01
8.123517249963118081e-01
8.123469056015526490e-01
8.123431477833550352e-01
8.123396495897433622e-01
8.123360592845170203e-01
8.123325309915180314e-01
8.123297570741637719e-01
8.123271754342482609e-01
8.123245384332622443e-01
8.123219540500939972e-01
8.123199066477667651e-01
8.123180015590243386e-01
8.123160642551763289e-01
8.123141704767378179e-01
8.123125052626311016e-01
8.123111098125740392e-01
8.123098536677874071e-01
8.123085927164496178e-01
8.123073085103852398e-01
8.123061224693808313e-01
8.123051302879785718e-01
8.123042836099866326e-01
8.123034681086127584e-01
8.123026204242836945e-01
8.123017896182919140e-01
8.123011527636805340e-01
8.123005594807272134e-01
8.122999413292367743e-01
8.122993273305677553e-01
8.122988547584987229e-01
8.122984147330846172e-01
8.122979598496006259e-01
8.122975112181944901e-01
8.122971621619159421e-01
8.122968372196561759e-01
8.122965030127039521e-01
8.122961741928019785e-01
8.122959161799435668e-01
8.122956760553950994e-01
8.122954303612108795e-01
8.122951893813094015e-01
8.122949987389262994e-01
8.122948213568780274e-01
8.122946407170122951e-01
8.122944640247445891e-01
8.122943087537398688e-01
8.122941786286848043e-01
8.122940615617874061e-01
8.122939439621278401e-01
8.122938240489103734e-01
8.122937133579667401e-01
8.122936207546201937e-01
8.122935417449582696e-01
8.122934656815997689e-01
8.122933865187764724e-01
8.122933089189831035e-01
8.122932494526415859e-01
8.122931940879970503e-01
8.122931363492852386e-01
8.122930789931572804e-01
8.122930348558873304e-01
8.122929937800771327e-01
8.122929512862633317e-01
8.122929093745309137e-01
8.122928767680933637e-01
8.122928464296755857e-01
8.122928152059057938e-01
8.122927844813591092e-01
8.122927603794223295e-01
8.122927379585745955e-01
8.122927150013645736e-01
8.122926924768734125e-01
8.122926746706705670e-01
8.122926581090195164e-01
8.122926412273284713e-01
8.122926247025691326e-01
8.122926115516339030e-01
8.122925993212274376e-01
8.122925869041477398e-01
8.122925747737150814e-01
8.122925640923855939e-01
8.122925551236916952e-01
8.122925470522971425e-01
8.122925389566271193e-01
8.122925307114461368e-01
8.122925230855099210e-01
8.122925167092968080e-01
8.122925112798294878e-01
8.122925060453148882e-01
8.122925005939815035e-01
8.122924952302272850e-01
8.122924911549175286e-01
8.122924873540916524e-01
8.122924833746244522e-01
8.122924793920596187e-01
8.122924763772726431e-01
8.122924735645319361e-01
8.122924706310508114e-01
8.122924677034289997e-01
8.122924654877133888e-01
8.122924634181157844e-01
8.122924612585564752e-01
8.122924590955470370e-01
8.122924574685622678e-01
8.122924559467659122e-01
8.122924543549059351e-01
8.122924527529461480e-01
8.122924515616468666e-01
8.122924504452444516e-01
8.122924492707622734e-01
8.122924480797983904e-01
8.122924470406261976e-01
8.122924462521642353e-01
8.122924455485915907e-01
8.122924447981461071e-01
8.122924439845283784e-01
8.122924431963598479e-01
8.122924426150892607e-01
8.122924421821769991e-01
8.122924417235575234e-01
8.122924411935601441e-01
8.122924406121390106e-01
8.122924402918991760e-01
8.122924399743741697e-01
8.122924395866591984e-01
8.122924391348612660e-01
8.122924389081930263e-01
8.122924386809992070e-01
8.122924383902369039e-01
8.122924380400037281e-01
8.122924378870134410e-01
8.122924377291794729e-01
8.122924375111638673e-01
8.122924372348089284e-01
8.122924371348482220e-01
8.122924370275810269e-01
8.122924368628061664e-01
8.122924366414299158e-01
8.122924365803974034e-01
8.122924365104124966e-01
8.122924363849129969e-01
8.122924362044340318e-01
8.122924360581941228e-01
8.122924360480198169e-01
8.122924360447295600e-01
8.122924359827635721e-01
8.122924358569907355e-01
8.122924356944483115e-01
8.122924356592909900e-01
8.122924357078146196e-01
8.122924357008867169e-01
8.122924356286368441e-01
8.122924354828700011e-01
8.122924355236591509e-01
8.122924355372057592e-01
8.122924354838171324e-01
8.122924353524493268e-01
8.122924353941650688e-01
8.122924354131155766e-01
8.122924353680613940e-01
8.122924352508070767e-01
8.122924352971446771e-01
8.122924353218303750e-01
8.122924352841883744e-01
8.122924351775780982e-01
8.122924352257424596e-01
8.122924352539273585e-01
8.122924352215955546e-01
8.122924351237631457e-01
8.122924351728673109e-01
8.122924352034343043e-01
8.122924351751765748e-01
8.122924350845516228e-01
8.122924351337301729e-01
8.122924351657444531e-01
8.122924351405869103e-01
8.122924350560197793e-01
8.122924349957848511e-01
8.122924350610160049e-01
8.122924351263834941e-01
8.122924351308856705e-01
8.122924350703238927e-01
8.122924349682919543e-01
8.122924349858724469e-01
8.122924350809989091e-01
8.122924351181629588e-01
8.122924350894330514e-01
8.122924349856055493e-01
8.122924350612396038e-01
8.122924351072904336e-01
8.122924350858112819e-01
8.122924349854360182e-01
8.122924350528193393e-01
8.122924350958454776e-01
8.122924351324350978e-01
