0.000000000000000000e+00
1.944209920853940537e-02
1.692433642680544470e-01
3.436562379347539720e-01
5.774947365047310432e-01
8.839685399817158729e-01
1.277530592636163309e+00
1.766188924072478184e+00
2.351295100757136769e+00
3.038506313369644829e+00
3.847096033862274389e+00
4.635086190448518551e+00
5.423076347034762712e+00
6.139433742365525859e+00
6.806215226606042279e+00
7.528449752116025628e+00
8.396289367670402015e+00
9.409909442213914232e+00
1.055184135009868029e+01
1.140995515301537111e+01
1.226806895593206193e+01
1.337438949243107800e+01
1.467073280923066747e+01
1.620888427780996466e+01
1.801746536391976505e+01
2.011874352664315424e+01
2.189821631377655109e+01
2.367768910090994794e+01
2.540164703221631726e+01
2.700050787278521014e+01
2.856413639586112296e+01
3.024006307519138304e+01
3.206954780682083594e+01
3.391352261529698353e+01
3.560939953214287357e+01
3.717201632528774269e+01
3.874519129668245654e+01
4.043035162892958567e+01
4.217077399058967302e+01
4.381692013680581965e+01
4.475966431048760796e+01
4.545027479752675248e+01
4.614088528456589700e+01
4.699165502539498362e+01
4.789301480735199590e+01
4.879016830704940588e+01
4.984116147419568676e+01
5.100840307463589340e+01
5.226218476341429664e+01
5.328308232215118068e+01
5.430397988088806471e+01
5.549037486519738138e+01
5.692060221791068386e+01
5.864539639571550822e+01
6.007548651264831818e+01
6.150557662958112815e+01
6.329496593965173190e+01
6.535570197270851622e+01
6.773621471353735046e+01
6.931060589212036405e+01
7.088499707070337763e+01
7.279877895324602832e+01
7.407537697739206806e+01
7.535197500153810779e+01
7.644329122897040918e+01
7.753460745640271057e+01
7.858721310340447985e+01
7.978567087636737654e+01
8.108706820549275562e+01
8.223877297596179403e+01
8.339047774643083244e+01
8.460470802870023022e+01
8.593959520436462185e+01
8.750915683040889803e+01
8.886957410859403694e+01
9.022999138677917585e+01
9.196394848015974333e+01
9.395680748486142875e+01
9.630563562411633427e+01
9.821881484336897472e+01
1.001319940626216152e+02
1.014649200565638552e+02
1.025788065345163886e+02
1.036926930124689221e+02
1.048366622578729732e+02
1.059440261464097119e+02
1.071875912957442836e+02
1.085223081166347612e+02
1.096581693137942608e+02
1.107940305109537604e+02
1.120479112543115718e+02
1.134886977653385429e+02
1.151966820241704994e+02
1.166851215287041015e+02
1.181735610332377036e+02
1.200415227681086492e+02
1.221921429659703051e+02
1.242156931973682248e+02
1.260259525372501486e+02
1.276237244324620690e+02
1.287693068087312440e+02
1.298498405442107355e+02
1.309178950568700657e+02
1.319859495695293958e+02
1.332021277208340848e+02
1.345330601837107452e+02
1.357525740557882727e+02
1.369720879278658003e+02
1.381883950827400440e+02
1.394544675795044952e+02
1.409291297464053514e+02
1.423955748538148214e+02
1.437578762164181967e+02
1.454412277998977174e+02
1.473966400188235184e+02
1.497001642223622184e+02
1.518145114877871720e+02
1.536443063451399667e+02
1.546017921859849764e+02
1.555592780268299862e+02
1.567603921578510437e+02
1.579324314657092998e+02
1.590737753156785743e+02
1.603407268106223000e+02
1.616851864708671371e+02
1.628101136556542201e+02
1.639350408404413031e+02
1.652101961465253339e+02
1.667168363130030571e+02
1.685170132916081513e+02
1.700826593690583763e+02
1.716483054465086013e+02
1.735697994880989938e+02
1.757753209042430740e+02
1.774752292480437461e+02
1.791751375918444182e+02
1.806050235819580791e+02
1.818195713787123680e+02
1.830341191754666568e+02
1.842432530231667727e+02
1.853736192950935617e+02
1.866253002120572546e+02
1.879607668346055220e+02
1.891023621991334949e+02
1.902439575636614677e+02
1.915130514081212425e+02
1.929869200155622480e+02
1.947468032891835890e+02
1.962855356035618684e+02
1.978242679179401478e+02
1.997341379390527152e+02
2.019343596915624630e+02
2.037309399056267694e+02
2.055275201196910757e+02
2.069479220843457199e+02
2.081527628714521825e+02
2.093576036585586451e+02
2.105694930487312888e+02
2.116980279838533932e+02
2.129482075737541322e+02
2.142834279119122982e+02
2.154270431607286298e+02
2.165706584095449614e+02
2.178387203813240660e+02
2.193075234058004810e+02
2.210601229444301055e+02
2.225933427747655173e+02
2.241265626051009292e+02
2.260330093155489237e+02
2.282297032062922710e+02
2.300488763125371747e+02
2.318680494187820784e+02
2.332851854518447396e+02
2.344888198014693614e+02
2.356924541510939832e+02
2.369036084509522482e+02
2.380320715888957466e+02
2.392824771066381970e+02
2.400000000000000000e+02
