3.426293250000000401e-01
3.480767608145912129e-01
3.884733808737528826e-01
4.319906005016352357e-01
4.849258938110114214e-01
5.462020250932995147e-01
6.135157382035494322e-01
6.827403681039484473e-01
7.490431036492010142e-01
8.094748658380260808e-01
8.628817305680981375e-01
9.072937238159471951e-01
9.296003915773023429e-01
9.466744795380179767e-01
9.617770029964826106e-01
9.722700482837708380e-01
9.761168885263374895e-01
9.773004608787655423e-01
9.757290271606505749e-01
9.706317572631114610e-01
9.648376510284534247e-01
9.576854080653801615e-01
9.478098571364248492e-01
9.352480409213397294e-01
9.243082768747709066e-01
9.127015739760985236e-01
8.986524157590443096e-01
8.822997724705153866e-01
8.678127018150201266e-01
8.527561339124588580e-01
8.352150725647414786e-01
8.148245880060297486e-01
7.930087368347407129e-01
7.707668837118633043e-01
7.463166317277537543e-01
7.150226265506978152e-01
6.699235933411742394e-01
5.991939437682659575e-01
5.059099787339623733e-01
4.238500144748787446e-01
3.560025672840572142e-01
2.872973940095107093e-01
2.248408270963247746e-01
1.706728105020066943e-01
1.406286611450814628e-01
1.162664653509880713e-01
1.136656201391743753e-01
1.380800531443753532e-01
1.976240725287588262e-01
2.719798580321035053e-01
3.481296373098559105e-01
4.294093832005043687e-01
5.071438987898135853e-01
5.752258076940531817e-01
6.195501357857987612e-01
6.556382388148763729e-01
6.865702617301500110e-01
7.094388078225096761e-01
7.215274615854986306e-01
7.277123363405215706e-01
7.282179873769890621e-01
7.214990120857923683e-01
7.079867024282132659e-01
6.897105753725959465e-01
6.658261074360570797e-01
6.307292085538679371e-01
5.747937475914086658e-01
4.857138991046867638e-01
3.961020710579055137e-01
3.243580758183250978e-01
2.585219367439708926e-01
1.991625322255367037e-01
1.809446958041891762e-01
1.956992089594087603e-01
2.466612517017836292e-01
3.184668223027278811e-01
3.906964077528092272e-01
4.621811955883349810e-01
5.271757316434932950e-01
5.745265732022626359e-01
6.138784499061257227e-01
6.463474572574696708e-01
6.702211310412430345e-01
6.854590300392126023e-01
6.938020598914352854e-01
6.963893139069471383e-01
6.927331268104751638e-01
6.819696474724024071e-01
6.644830372112334738e-01
6.407029392247002297e-01
6.081724077480922253e-01
5.599753247063418149e-01
4.845661859343195488e-01
3.828640317768335355e-01
3.046585867087224786e-01
2.436237151784014232e-01
2.069014137418696830e-01
2.421754821349280939e-01
2.998812761026474760e-01
3.695170287953599142e-01
4.418918141845560865e-01
5.074215175647366349e-01
5.549446573779103220e-01
5.951795449007519778e-01
6.296832122231155182e-01
6.556333183643624496e-01
6.722053097450318981e-01
6.816091810882755064e-01
6.855830376765927880e-01
6.835639818794368994e-01
6.741306159028455092e-01
6.577854885510276972e-01
6.358636507221372414e-01
6.064255370336605333e-01
5.624915385236379795e-01
4.930678123731506157e-01
3.942506897045153225e-01
3.112163057114521458e-01
2.500929751206609764e-01
2.184107797700531040e-01
2.392653760540959518e-01
2.905921494129816707e-01
3.584825238574950723e-01
4.301507570258566449e-01
4.950972275635656117e-01
5.477242395326168412e-01
5.882763195076345930e-01
6.198817411235457708e-01
6.450747163477646984e-01
6.641351280605464202e-01
6.760616732595502443e-01
6.808212610120669694e-01
6.794959516516354547e-01
6.724352501973703822e-01
6.584417194485079339e-01
6.358718090649658761e-01
6.040898100215839062e-01
5.620561778569508338e-01
5.039784089408860801e-01
4.172976092685316551e-01
3.256726117308740842e-01
2.596786211690747526e-01
2.245713564086443126e-01
2.475636969132355147e-01
2.997032217369151597e-01
3.673878068260594265e-01
4.387444511860077445e-01
5.021194330956837426e-01
5.521917439417142193e-01
5.905847535958222982e-01
6.211640349885300116e-01
6.459097343409271330e-01
6.641699119244990346e-01
6.748638645233525635e-01
6.786071087454299544e-01
6.765949603754345398e-01
6.686430075686714547e-01
6.531828829818506765e-01
6.290609463447850436e-01
5.963767883582038465e-01
5.534626728490553704e-01
4.925380864754515531e-01
4.012895219214285270e-01
3.137753530974978777e-01
2.508494858359081037e-01
2.305488878300632205e-01
2.795555416163308937e-01
3.393287185524782590e-01
4.065311677435776150e-01
4.752850927870007625e-01
5.272237106126077544e-01
5.720743289554822697e-01
6.106287788174765696e-01
6.396827368346258424e-01
6.585639269783977179e-01
6.700427851433251591e-01
6.762535855679613350e-01
6.766425780532988599e-01
6.695859895223943425e-01
6.556759193698011856e-01
6.365520263956007119e-01
6.105470793699064869e-01
5.712842815470551283e-01
5.095669504560491614e-01
4.209994499829931569e-01
3.291586797914995421e-01
2.606544375634514688e-01
2.297287415383293674e-01
2.673213044204561517e-01
3.235400973544300673e-01
3.903720777094670802e-01
4.611374315673257285e-01
5.147391750813818945e-01
5.615638297409374369e-01
6.023491795491201506e-01
6.305304781736660313e-01
6.517871394081605763e-01
6.669157049916032420e-01
6.750740572626133806e-01
6.763769454979473572e-01
6.717715786967813907e-01
6.612415698227944727e-01
6.431726589905241154e-01
6.155213223103622733e-01
5.771120921279222493e-01
5.258179450905844377e-01
4.540174182664324931e-01
3.582736278077308101e-01
2.818918933523161252e-01
2.326830394808701297e-01
2.484219560787538084e-01
2.999075410038790079e-01
3.696485622706111585e-01
4.398818645149772943e-01
4.999419384641599073e-01
5.478383745818423689e-01
5.867834872771269250e-01
6.190638070300079621e-01
6.444326876310858543e-01
6.619886357037244595e-01
6.721774848564247007e-01
6.762012176071782177e-01
6.743976240517302045e-01
6.659867588813698225e-01
6.586319165486329563e-01
