3.426293250000000401e-01
3.480121686215911780e-01
3.878359223435086656e-01
4.306490323070884529e-01
4.826215743195244046e-01
5.426002113150107942e-01
6.082398042016258222e-01
6.753927362467210260e-01
7.393135992440864612e-01
7.969838982100662106e-01
8.469999763246455204e-01
8.834324052514554992e-01
9.055665787586866244e-01
9.207790802112767459e-01
9.305765956306877307e-01
9.350138797187547146e-01
9.346273129735074292e-01
9.304362797639539329e-01
9.229192209597649743e-01
9.117305453370523338e-01
8.964949091520063584e-01
8.776386907291984230e-01
8.557416820890719755e-01
8.297676830464416620e-01
7.958685269009948549e-01
7.456786830969933666e-01
6.534179999846188025e-01
5.723231805614087397e-01
5.027848113976659539e-01
4.267651035392852621e-01
3.535331116926367367e-01
2.840288040335767761e-01
2.212985382869787354e-01
1.674509777427227730e-01
1.391487565527148584e-01
1.159727474829856525e-01
9.352641850062576312e-02
7.408177354285878924e-02
6.221122650981750213e-02
5.231803528131553915e-02
4.260722534979927839e-02
3.757947909702622630e-02
3.537983479468114617e-02
3.964526742639219031e-02
6.163947106703537848e-02
1.185502406940363435e-01
1.986105191467035791e-01
2.763870576516300193e-01
3.631611832936685325e-01
4.470727857305412667e-01
5.214415170200368266e-01
5.714654462863780759e-01
6.098042729615528179e-01
6.383194387694514083e-01
6.545749222418906221e-01
6.569011567018032682e-01
6.452620107479465350e-01
6.157649684546104840e-01
5.499735541865505839e-01
4.464845809354525685e-01
3.615493860001505744e-01
2.937247135062600045e-01
2.291809964410036760e-01
1.735526137157313853e-01
1.271957311868305018e-01
1.038063082436020551e-01
8.508798737806679002e-02
7.881602587331514032e-02
1.157448085324290360e-01
1.786680829216890920e-01
2.532499133139620162e-01
3.316633374406066648e-01
4.118592818771529274e-01
4.850959321083692655e-01
5.366579811423529689e-01
5.761579192720348574e-01
6.040910536810776277e-01
6.194818061213067661e-01
6.217888086004400572e-01
6.092803472648078422e-01
5.752197128336243859e-01
4.985561316194664361e-01
4.063837110052479495e-01
3.325719654904229494e-01
2.655237658797537370e-01
2.048477197080368073e-01
1.528207549791233133e-01
1.101381206195288787e-01
9.186058030631133464e-02
8.958240788488962270e-02
1.138448021064335514e-01
1.766647573142948457e-01
2.532253040101272723e-01
3.294414769542075572e-01
4.080358412860825013e-01
4.799829152401204335e-01
5.306322693084045694e-01
5.694396762054244610e-01
5.968671010397770260e-01
6.117206225607502157e-01
6.132866559757123026e-01
5.997601887113191976e-01
5.640236574091070931e-01
4.833435113664738547e-01
3.955691983474011741e-01
3.252240040732328752e-01
2.581563472061595976e-01
1.985579638738681763e-01
1.474941405968526187e-01
1.097768431757373681e-01
9.181823696008301061e-02
1.192927430652139936e-01
1.778892796598658954e-01
2.515456493658997372e-01
3.280589665251690268e-01
4.066532491724361154e-01
4.784762360348204790e-01
5.287191996649017733e-01
5.672685492187871104e-01
5.946561900250478816e-01
6.094767034266255212e-01
6.108794146789053858e-01
5.971566659879149475e-01
5.612555900536819742e-01
4.800707550194284745e-01
3.930742935776760927e-01
3.233591879181436091e-01
2.563627737306264920e-01
1.970242787709111376e-01
1.462021471144598628e-01
1.089322602477501012e-01
9.237996934102908619e-02
1.193914113680868000e-01
1.789672352064773098e-01
2.544269889036906984e-01
3.306182029216458429e-01
4.087879418135738629e-01
4.800054805609758612e-01
5.295038152737227000e-01
5.674481322732728428e-01
5.945092332625817599e-01
6.089963758623105905e-01
6.098243685064440589e-01
5.954037616456628879e-01
5.586971045885499310e-01
4.754581814875902257e-01
3.909105482806936038e-01
3.230045234127841836e-01
2.556411989334715362e-01
1.964611941785184002e-01
1.456981300697504089e-01
1.082793168701905867e-01
9.177198856035136132e-02
1.141713514469867713e-01
1.735452807874778014e-01
2.523547325174536060e-01
3.274473441257181316e-01
4.049707986976532337e-01
4.764227327484198971e-01
5.273198378493101357e-01
5.663206288921673881e-01
5.936977513857585320e-01
6.084825512558156291e-01
6.101189447480542816e-01
5.966108606956721516e-01
5.605564446656603472e-01
4.793265387809619860e-01
3.922753416375605595e-01
3.225496247790158311e-01
2.556471431682618145e-01
1.964039898465048950e-01
1.456854271328308081e-01
1.086688236070413455e-01
9.230915872435824232e-02
1.207567723367390239e-01
1.870440469195768507e-01
2.630702033797393535e-01
3.396975407106164746e-01
4.172331847055159582e-01
4.870270656609801407e-01
5.342454893129385818e-01
5.702951502669312278e-01
5.962812095055924910e-01
6.096408812914683173e-01
6.085913897475417889e-01
5.919513286210881242e-01
5.526670214024136385e-01
4.632731684010591988e-01
3.801637271876242008e-01
3.136559589402033166e-01
2.469439295117360211e-01
1.889549802293949421e-01
1.393985876044680217e-01
1.053760504945141369e-01
9.177616286002809876e-02
1.194108546707439850e-01
1.792465324777723357e-01
2.553184120422548609e-01
3.312979742642467307e-01
4.093184167910847715e-01
4.804247768866680701e-01
5.298458946189358310e-01
5.676975356692821606e-01
5.946407620642641945e-01
6.090018884555614687e-01
6.111199140251436512e-01
