0.000000000000000000e+00
1.720482412248751022e-02
1.504177726746222521e-01
3.055144288872835290e-01
5.129880477844006581e-01
7.843632611181069469e-01
1.131344217873989422e+00
1.559550768334371229e+00
2.065184804616309044e+00
2.648817070105301763e+00
3.324460923846216609e+00
4.100498963982115441e+00
4.643540342943929922e+00
5.186581721905744402e+00
5.844443860137094937e+00
6.583039987006357840e+00
7.132873886700715538e+00
7.682707786395073235e+00
8.341442224217868073e+00
9.085386223309146914e+00
9.652395345522624126e+00
1.021940446773610134e+01
1.088516931333123061e+01
1.162440667961140583e+01
1.220274879025002335e+01
1.278109090088864086e+01
1.345066971421050361e+01
1.418791602799854878e+01
1.477743415616006750e+01
1.536695228432158622e+01
1.604067005405238788e+01
1.677630050546944318e+01
1.737672336247934268e+01
1.797714621948924218e+01
1.865526339238367370e+01
1.939030271443915154e+01
2.000184318454773802e+01
2.061338365465632450e+01
2.129639093225369706e+01
2.203158153382821993e+01
2.265437289974838819e+01
2.327716426566855645e+01
2.396545516677565502e+01
2.470142497003262605e+01
2.540538018615684379e+01
2.603942561097060704e+01
2.665115101602245318e+01
2.731492368409171689e+01
2.805321231920760638e+01
2.879868358317439458e+01
2.947254857360113078e+01
3.008810651861599794e+01
3.072529664483752043e+01
3.144525240451553216e+01
3.221824738146552392e+01
3.285726284344491432e+01
3.349627830542430473e+01
3.421518973982573897e+01
3.499392802795982504e+01
3.564588268805675142e+01
3.629783734815367779e+01
3.702231727636067404e+01
3.779878377222474484e+01
3.845996363603924095e+01
3.912114349985373707e+01
3.984932193401832734e+01
4.062545339984389159e+01
4.136765663293536477e+01
4.203745178001443605e+01
4.268400265885671274e+01
4.338353419236597830e+01
4.415835163342124758e+01
4.493900948883080559e+01
4.564541013999494368e+01
4.629160578171029528e+01
4.695952000242590429e+01
4.771105956828234440e+01
4.851494958384657252e+01
4.918013903267542730e+01
4.984532848150428208e+01
5.059257137119388403e+01
5.139966927956513132e+01
5.207279856112880623e+01
5.274592784269248114e+01
5.349512832774858850e+01
5.429754487086289316e+01
5.497512155349674146e+01
5.565269823613058975e+01
5.640209305422732911e+01
5.720173499996761990e+01
5.788347991786530855e+01
5.856522483576299720e+01
5.931480887075724695e+01
6.011145491823800313e+01
6.087136951699332599e+01
6.155650559845130232e+01
6.221799988393192393e+01
6.293339670196409941e+01
6.372418514985432125e+01
6.451877141726818365e+01
6.523649414187687512e+01
6.589297971764914053e+01
6.657192723239863597e+01
6.733532684785883760e+01
6.815004042380658689e+01
6.882194401217444124e+01
6.949384760054229560e+01
7.025004603212185827e+01
7.106715649622549336e+01
7.174446038531891645e+01
7.242176427441233955e+01
7.317805423625597427e+01
7.398908678629277347e+01
7.466864353037159674e+01
7.534820027445042001e+01
7.610304537939950364e+01
7.691024093189365374e+01
7.759231634810724643e+01
7.827439176432083912e+01
7.902813513685322278e+01
7.983139552296204045e+01
8.051560439804789837e+01
8.119981327313375630e+01
8.195241071025134261e+01
8.275208442573220680e+01
8.351404168687395213e+01
8.420019523754474733e+01
8.486250863936191990e+01
8.557923856801656370e+01
8.637180509926906780e+01
8.716768022800346216e+01
8.788562254556187270e+01
8.854182935980263380e+01
8.922081371977112951e+01
8.998489960790601572e+01
9.080036348805833768e+01
9.147134577145003220e+01
9.214232805484172673e+01
9.289854155268525915e+01
9.371631344744818648e+01
9.439231834049206782e+01
9.506832323353594916e+01
9.582432022866316856e+01
9.663572512854413787e+01
9.731366846719583918e+01
9.799161180584754050e+01
9.874590435487061768e+01
9.955329839917098411e+01
1.002335868989482037e+02
1.009138753987254233e+02
1.016669021752769595e+02
1.024702202343486022e+02
1.031525584210824178e+02
1.038348966078162334e+02
1.045866771607438181e+02
1.053863109873795878e+02
1.060705839329183249e+02
1.067548568784570620e+02
1.075054892633243924e+02
1.083016876180117691e+02
1.090613156092239535e+02
1.097473952247636078e+02
1.104103264893118421e+02
1.111261891433838827e+02
1.119156439144806399e+02
1.127082061172060037e+02
1.134251063871891745e+02
1.140820293022302678e+02
1.147612242488801968e+02
1.155232561429865257e+02
1.163350417648731963e+02
1.170062638657213654e+02
1.176774859665695345e+02
1.184318428351455452e+02
1.192461655840722017e+02
1.199223663282383541e+02
1.205985670724045065e+02
1.213528296606282169e+02
1.221610759302374731e+02
1.228392283572233339e+02
1.235173807842091946e+02
1.242700786134414841e+02
1.250745547265817237e+02
1.257550775959330593e+02
1.264356004652843950e+02
1.271871641694632302e+02
1.279877855529397976e+02
1.286703949065750407e+02
1.293530042602102981e+02
1.301034477966815075e+02
1.309005835833424669e+02
1.316603315695160177e+02
1.323449162853040093e+02
1.330058700894406911e+02
1.337208488288913486e+02
1.345110883559595436e+02
1.353046043213595624e+02
1.360208110883052655e+02
1.366757995855790284e+02
1.373534562553398075e+02
1.381156380177774849e+02
1.389287969371012537e+02
1.395985527086813249e+02
1.402683084802613962e+02
1.410227470263795624e+02
1.418383846958416257e+02
1.425133010653711381e+02
1.431882174349006505e+02
1.439425893024225047e+02
1.447520159612784596e+02
1.454290101462382836e+02
1.461060043311981076e+02
1.468588160230455628e+02
1.476643818775322359e+02
1.483438631782296397e+02
1.490233444789270436e+02
1.497750311690469687e+02
1.505766598589032697e+02
1.512583272062617255e+02
1.519399945536201813e+02
1.526905678334873073e+02
1.534886410840248061e+02
1.541723709064680747e+02
1.548561007289113434e+02
1.556056492648600624e+02
1.564004053960524345e+02
1.571589636245048496e+02
1.578446168218821128e+02
1.585073101508896798e+02
1.592225299311938613e+02
1.600107646252428708e+02
1.608021099884576302e+02
1.615184420810161612e+02
1.621752729076173694e+02
1.628542273339284350e+02
1.636154161140518113e+02
1.644259687884786274e+02
1.650970627592487006e+02
1.657681567300187737e+02
1.665217932882365801e+02
1.673349606991758947e+02
1.680110780145572278e+02
1.686871953299385609e+02
1.694408118222423241e+02
1.702480111817651220e+02
1.709261313490241321e+02
1.716042515162831421e+02
1.723563759338204022e+02
1.731598914263809377e+02
1.738404233063361630e+02
1.745209551862913884e+02
1.752720074740117582e+02
1.760717463707896115e+02
1.767544002926480005e+02
1.774370542145063894e+02
1.781870409193655007e+02
1.789833629337846332e+02
1.797426118278495721e+02
1.804272707217847085e+02
1.810884667773109697e+02
1.818033140586039735e+02
1.825928713077545353e+02
1.833856791634723891e+02
1.841017593392564891e+02
1.847570505315352705e+02
1.854348731348941897e+02
1.861966560279909118e+02
1.870090281283735294e+02
1.876789895380688620e+02
1.883489509477641946e+02
1.891030594684468724e+02
1.899179556611780129e+02
1.905930654051149986e+02
1.912681751490519844e+02
1.920222455335823781e+02
1.928310037701764372e+02
1.935081918125461016e+02
1.941853798549157659e+02
1.949379218678044197e+02
1.957428741054660577e+02
1.964225466372365076e+02
1.971022191690069576e+02
1.978536620971151763e+02
1.986547267303784281e+02
1.993365830531467111e+02
2.000184393759149941e+02
2.007687917903984953e+02
2.015663439471142624e+02
2.023261445330516892e+02
2.030100605665807620e+02
2.036701311513696453e+02
2.043847159485148666e+02
2.051753092683213708e+02
2.059692576107226216e+02
2.066851613141956534e+02
2.073392924335682324e+02
2.080162677162487057e+02
2.087785210167051844e+02
2.095923011067006030e+02
2.102614132165867602e+02
2.109305253264729174e+02
2.116850075857711033e+02
2.125012376769194304e+02
2.131755926297052497e+02
2.138499475824910689e+02
2.146043755245715943e+02
2.154143339486938942e+02
2.160908235991607000e+02
2.167673132496275059e+02
2.175201830106766465e+02
2.183262392427752161e+02
2.190052678341972126e+02
2.196842964256192090e+02
2.204360448219516115e+02
2.212381263700249860e+02
2.219193848306882728e+02
2.226006432913515596e+02
2.233512807184544329e+02
2.241497749930433656e+02
2.248331339762180789e+02
2.255164929593927923e+02
2.262661075623260274e+02
2.270612567885404474e+02
2.278199596046101476e+02
2.285052749584000651e+02
2.291674870520544971e+02
2.298825509042148383e+02
2.306711199650660546e+02
2.314628422134834977e+02
2.321790589867927395e+02
2.328354046624563125e+02
2.335139929659215170e+02
2.342753154935595887e+02
2.350863570209192233e+02
2.357570896937177736e+02
2.364278223665163239e+02
2.371815615449609709e+02
2.379951967067242720e+02
2.386709950782696410e+02
2.393467934498150100e+02
2.400000000000000000e+02
